3 0.935841 0.064939 0.078171 0.125801
3 0.776549 0.159289 0.089971 0.115317
3 0.623894 0.240536 0.088496 0.078626
3 0.488201 0.306057 0.073746 0.104834
3 0.405605 0.420064 0.073746 0.060280
3 0.312684 0.459377 0.088496 0.065521
3 0.775811 0.856436 0.067847 0.094351
3 0.661504 0.786983 0.063422 0.055038
3 0.504425 0.764706 0.073746 0.094351
3 0.391593 0.717531 0.069322 0.099592
3 0.326696 0.798777 0.066372 0.094351
3 0.280973 0.764706 0.072271 0.036692
3 0.278761 0.731945 0.085546 0.065521
3 0.265487 0.690012 0.053097 0.039313
3 0.233038 0.645457 0.073746 0.044554
3 0.255162 0.545865 0.073746 0.076005
3 0.233038 0.488206 0.082596 0.028829
3 0.230088 0.520967 0.076696 0.047175
3 0.133481 0.522277 0.081121 0.081246